%YAML:1.0
---
type: IMU
name: VIOSim
Gyr:
   unit: " rad/s"
   avg-axis:
      gyr_n: 2.1224652511663089e-01
      gyr_w: 1.0280046620625408e-03
   x-axis:
      gyr_n: 2.1181635380431219e-01
      gyr_w: 1.0788122049033304e-03
   y-axis:
      gyr_n: 2.1188924006166901e-01
      gyr_w: 1.2399295848243106e-03
   z-axis:
      gyr_n: 2.1303398148391151e-01
      gyr_w: 7.6527219645998099e-04
Acc:
   unit: " m/s^2"
   avg-axis:
      acc_n: 2.6965141164896461e-01
      acc_w: 3.6582397171409076e-03
   x-axis:
      acc_n: 2.6686777006649126e-01
      acc_w: 3.4806263339523954e-03
   y-axis:
      acc_n: 2.7084472714810259e-01
      acc_w: 3.5561635231921040e-03
   z-axis:
      acc_n: 2.7124173773229987e-01
      acc_w: 3.9379292942782239e-03
